523 634
738 752
129 714
87 402
915 418
299 886
143 944
549 207
658 820
486 442
842 81
663 901
412 572
384 765
401 467
855 360
528 143
392 961
340 305
35 22
939 327
752 756
411 229
635 495
486 855
217 676
670 486
367 969
717 977
420 945
590 591
586 251
612 76
366 451
293 331
169 954
883 102
805 166
642 340
261 592
936 80
649 41
590 683
166 488
143 797
205 237
825 204
793 880
198 598
400 188
686 60
732 427
86 159
851 198
469 516
349 332
390 992
703 383
651 942
731 58
439 114
255 585
83 258
799 401
224 132
486 719
251 813
516 49
721 422
164 537
392 818
975 64
461 428
765 260
704 151
806 569
450 489
254 240
332 330
302 480
779 700
784 82
643 765
373 819
21 74
491 712
860 302
697 82
861 140
575 735
460 520
701 846
383 937
783 690
943 370
411 695
398 882
916 140
595 270
646 710
